P   I     P - Тор, I - пико A 
25  8
40  28
60  60
80  93
100 125
120 155
140 185
160 221
170 236
180 253
190 270
200 289
210 306
220 325
230 341
240 360
250 376
260 395
270 412
280 432
290 450
300 470
310 487
320 507
330 523
340 542
350 561
360 578
370 602
380 622
390 643
400 665
410 687
420 700
430 724
440 747
450 768
460 791
470 810
480 830
490 850
500 873
510 898
520 912
530 935
540 954
550 968
560 976
570 987
580 998
590 1001
600 1012
610 1010
620 1010
630 1010
640 1008
650 1010
660 1005
670 1007
680 998
690 997
700 995
710 991
720 990
730 987
740 983
750 985
760 981
